                k1            k2  energy_pr      cost    energy
step                                                           
0     2.718282e+00  7.389056e+00          0  0.823475  0.823475
1     1.506599e+01  6.818932e+01          0  1.923264  1.923264
2     1.506599e+01  6.818932e+01          0  1.923264  1.923264
3     3.167886e+00  1.324795e+01          0  1.773269  1.773269
4     2.605386e+00  9.556529e+00          0  1.508367  1.508367
5     1.693319e+02  4.270870e+02          0  0.634248  0.634248
6     2.398886e+02  5.480109e+02          0  0.372521  0.372521
7     2.436260e-01  4.764200e-01          0  0.065389  0.065389
8     9.591249e+02  1.598512e+03          0  0.550653  0.550653
9     2.255430e+03  5.741808e+03          0  0.658173  0.658173
10    6.153142e+00  1.345028e+01          0  0.251710  0.251710
11    2.434607e+00  4.274494e+00          0  0.388661  0.388661
12    2.434607e+00  4.274494e+00          0  0.388661  0.388661
13    5.024779e-05  7.015688e-05          0  1.129773  1.129773
14    5.024779e-05  7.015688e-05          0  1.129773  1.129773
15    5.024779e-05  7.015688e-05          0  1.129773  1.129773
16    2.293291e-05  2.135070e-05          0  2.616389  2.616389
17    2.293291e-05  2.135070e-05          0  2.616389  2.616389
18    2.940151e-07  4.068604e-07          0  1.160136  1.160136
19    3.898049e-05  7.397957e-05          0  0.153557  0.153557
20    3.898049e-05  7.397957e-05          0  0.153557  0.153557
21    7.600055e-09  1.214638e-08          0  0.683857  0.683857
22    6.049676e-11  1.195752e-10          0  0.034211  0.034211
23    1.851847e-07  3.459989e-07          0  0.200129  0.200129
24    3.609609e-08  5.956826e-08          0  0.581782  0.581782
25    2.917155e-10  5.028613e-10          0  0.445296  0.445296
26    1.101993e-09  1.965718e-09          0  0.340086  0.340086
27    1.101993e-09  1.965718e-09          0  0.340086  0.340086
28    3.031532e-08  6.238195e-08          0  0.081820  0.081820
29    5.961130e-07  1.408044e-06          0  0.462309  0.462309
30    1.416260e-05  3.571213e-05          0  0.633627  0.633627
31    5.045949e-05  8.608610e-05          0  0.477483  0.477483
32    1.048750e-03  2.302855e-03          0  0.264200  0.264200
33    1.984639e-01  4.541864e-01          0  0.377343  0.377343
34    1.984639e-01  4.541864e-01          0  0.377343  0.377343
35    1.984639e-01  4.541864e-01          0  0.377343  0.377343
36    7.143411e+00  1.774274e+01          0  0.594557  0.594557
37    4.734075e+00  9.981684e+00          0  0.150877  0.150877
38    1.408647e+03  3.779323e+03          0  0.790941  0.790941
39    1.408647e+03  3.779323e+03          0  0.790941  0.790941
40    9.491260e+02  2.062142e+03          0  0.234845  0.234845
41    1.558108e+03  4.811612e+03          0  1.128960  1.128960
42    1.558108e+03  4.811612e+03          0  1.128960  1.128960
43    7.153063e+02  1.906454e+03          0  0.774380  0.774380
44    1.183122e+01  4.208050e+01          0  1.443152  1.443152
45    1.183122e+01  4.208050e+01          0  1.443152  1.443152
46    2.251549e-01  1.175270e+00          0  2.176027  2.176027
47    9.665535e-05  4.070266e-04          0  1.786739  1.786739
48    1.005610e-05  3.003851e-05          0  1.051335  1.051335
49    5.623578e-02  1.601226e-01          0  0.937004  0.937004
50    6.186082e-02  1.773712e-01          0  0.953823  0.953823
51    6.186082e-02  1.773712e-01          0  0.953823  0.953823
52    9.843033e-04  2.041111e-03          0  0.103731  0.103731
53    9.843033e-04  2.041111e-03          0  0.103731  0.103731
54    1.886497e-03  6.040581e-03          0  1.211891  1.211891
55    9.070123e-04  3.279205e-03          0  1.477930  1.477930
56    1.490043e-07  5.647639e-07          0  1.576527  1.576527
57    1.009766e-06  3.829935e-06          0  1.577961  1.577961
58    2.801571e-08  1.050730e-07          0  1.554752  1.554752
59    2.557324e-06  9.214397e-06          0  1.470740  1.470740
               ...           ...        ...       ...       ...

[1001 rows x 5 columns]